
SCAPS 3.3.12 ELIS-UGent: Version scaps3312.exe, dated 00-00-   0, 00:00:00
Simulation of I-V curves
Single shot simulation #	8
Calculation started : 	12-8-2026 at 15:43:09

problem definition file :	c:\Users\orden\Desktop\scaps\def\CELL1.def
last saved: 	09-07-2026 at 20:17:00

Calculation under illumination
Optical generation from internal SCAPS calculation
Illumination spectrum read from file
spectrum file :	
C:\Users\orden\Desktop\scaps\spectrum\AM1_5G 1 sun.spe  last saved: 	22-05-2009 at 15:59:48
Neutral density filter: ND	  0.0458
Transmission of ND filter:	  9.0000e-01
Power from spectrum:	  100.0000	mW/cm2
Incident power on solar cell structure	   90.0000	mW/cm2

Working point conditions
Temperature	  300.00	K
Workpoint bias voltage	    0.0000	Volt
Frequency	  1.0000e+06	Hz

Voltage reference convention: voltage referred to right contact, voltage V applied to left contact
Current reference convention: current positive when entering the left contact
Power generated by the cell: = -V*I; power consumed by the cell = +V*I

    v(V)	jtot(mA/cm2)	j_total_rec(mA/cm2)	j_total_gen(mA/cm2)	   jbulk(mA/cm2)	jifr(mA/cm2)	jminor_left(mA/cm2)	jminor_right(mA/cm2)	j_SRH(mA/cm2)	j_Radiative(mA/cm2)	j_Auger(mA/cm2)

   0.000000	   -2.87017530e+01	        6.34989651e+00	    3.50942307e+01	    2.77080646e-02	    0.00000000e+00	    4.85856391e+00	    1.46362454e+00	    2.77080646e-02	    0.00000000e+00	    0.00000000e+00
   0.005000	   -2.87004904e+01	        6.35015985e+00	    3.50942307e+01	    2.77146824e-02	    0.00000000e+00	    4.85856830e+00	    1.46387687e+00	    2.77146824e-02	    0.00000000e+00	    0.00000000e+00
   0.010000	   -2.86992323e+01	        6.35041663e+00	    3.50942307e+01	    2.77212880e-02	    0.00000000e+00	    4.85857134e+00	    1.46412399e+00	    2.77212880e-02	    0.00000000e+00	    0.00000000e+00
   0.015000	   -2.86979739e+01	        6.35067539e+00	    3.50942307e+01	    2.77279248e-02	    0.00000000e+00	    4.85857518e+00	    1.46437228e+00	    2.77279248e-02	    0.00000000e+00	    0.00000000e+00
   0.020000	   -2.86967143e+01	        6.35093556e+00	    3.50942307e+01	    2.77345932e-02	    0.00000000e+00	    4.85857922e+00	    1.46462174e+00	    2.77345932e-02	    0.00000000e+00	    0.00000000e+00
   0.025000	   -2.86954533e+01	        6.35119598e+00	    3.50942307e+01	    2.77412936e-02	    0.00000000e+00	    4.85858228e+00	    1.46487241e+00	    2.77412936e-02	    0.00000000e+00	    0.00000000e+00
   0.030000	   -2.86941908e+01	        6.35145814e+00	    3.50942307e+01	    2.77480265e-02	    0.00000000e+00	    4.85858585e+00	    1.46512426e+00	    2.77480265e-02	    0.00000000e+00	    0.00000000e+00
   0.035000	   -2.86929271e+01	        6.35172155e+00	    3.50942307e+01	    2.77547923e-02	    0.00000000e+00	    4.85858941e+00	    1.46537735e+00	    2.77547923e-02	    0.00000000e+00	    0.00000000e+00
   0.040000	   -2.86916620e+01	        6.35198790e+00	    3.50942307e+01	    2.77615915e-02	    0.00000000e+00	    4.85859464e+00	    1.46563167e+00	    2.77615915e-02	    0.00000000e+00	    0.00000000e+00
   0.045000	   -2.86903954e+01	        6.35225449e+00	    3.50942307e+01	    2.77684245e-02	    0.00000000e+00	    4.85859881e+00	    1.46588725e+00	    2.77684245e-02	    0.00000000e+00	    0.00000000e+00
   0.050000	   -2.86891283e+01	        6.35252124e+00	    3.50942307e+01	    2.77752918e-02	    0.00000000e+00	    4.85860183e+00	    1.46614411e+00	    2.77752918e-02	    0.00000000e+00	    0.00000000e+00
   0.055000	   -2.86878596e+01	        6.35279092e+00	    3.50942307e+01	    2.77821941e-02	    0.00000000e+00	    4.85860647e+00	    1.46640226e+00	    2.77821941e-02	    0.00000000e+00	    0.00000000e+00
   0.060000	   -2.86865892e+01	        6.35306040e+00	    3.50942307e+01	    2.77891316e-02	    0.00000000e+00	    4.85860956e+00	    1.46666171e+00	    2.77891316e-02	    0.00000000e+00	    0.00000000e+00
   0.065000	   -2.86853175e+01	        6.35333215e+00	    3.50942307e+01	    2.77961051e-02	    0.00000000e+00	    4.85861354e+00	    1.46692251e+00	    2.77961051e-02	    0.00000000e+00	    0.00000000e+00
   0.070000	   -2.86840447e+01	        6.35360557e+00	    3.50942307e+01	    2.78031151e-02	    0.00000000e+00	    4.85861780e+00	    1.46718465e+00	    2.78031151e-02	    0.00000000e+00	    0.00000000e+00
   0.075000	   -2.86827698e+01	        6.35387967e+00	    3.50942307e+01	    2.78101620e-02	    0.00000000e+00	    4.85862135e+00	    1.46744816e+00	    2.78101620e-02	    0.00000000e+00	    0.00000000e+00
   0.080000	   -2.86814943e+01	        6.35415632e+00	    3.50942307e+01	    2.78172466e-02	    0.00000000e+00	    4.85862600e+00	    1.46771307e+00	    2.78172466e-02	    0.00000000e+00	    0.00000000e+00
   0.085000	   -2.86802167e+01	        6.35443274e+00	    3.50942307e+01	    2.78243693e-02	    0.00000000e+00	    4.85862898e+00	    1.46797938e+00	    2.78243693e-02	    0.00000000e+00	    0.00000000e+00
   0.090000	   -2.86789379e+01	        6.35471176e+00	    3.50942307e+01	    2.78315308e-02	    0.00000000e+00	    4.85863310e+00	    1.46824714e+00	    2.78315308e-02	    0.00000000e+00	    0.00000000e+00
   0.095000	   -2.86776575e+01	        6.35499242e+00	    3.50942307e+01	    2.78387319e-02	    0.00000000e+00	    4.85863734e+00	    1.46851635e+00	    2.78387319e-02	    0.00000000e+00	    0.00000000e+00
   0.100000	   -2.86763751e+01	        6.35527368e+00	    3.50942307e+01	    2.78459730e-02	    0.00000000e+00	    4.85864066e+00	    1.46878705e+00	    2.78459730e-02	    0.00000000e+00	    0.00000000e+00
   0.105000	   -2.86750917e+01	        6.35555722e+00	    3.50942307e+01	    2.78532549e-02	    0.00000000e+00	    4.85864473e+00	    1.46905924e+00	    2.78532549e-02	    0.00000000e+00	    0.00000000e+00
   0.110000	   -2.86738067e+01	        6.35584152e+00	    3.50942307e+01	    2.78605784e-02	    0.00000000e+00	    4.85864797e+00	    1.46933297e+00	    2.78605784e-02	    0.00000000e+00	    0.00000000e+00
   0.115000	   -2.86725208e+01	        6.35613002e+00	    3.50942307e+01	    2.78679442e-02	    0.00000000e+00	    4.85865381e+00	    1.46960826e+00	    2.78679442e-02	    0.00000000e+00	    0.00000000e+00
   0.120000	   -2.86712318e+01	        6.35641832e+00	    3.50942307e+01	    2.78753530e-02	    0.00000000e+00	    4.85865784e+00	    1.46988512e+00	    2.78753530e-02	    0.00000000e+00	    0.00000000e+00
   0.125000	   -2.86699419e+01	        6.35670761e+00	    3.50942307e+01	    2.78828057e-02	    0.00000000e+00	    4.85866120e+00	    1.47016361e+00	    2.78828057e-02	    0.00000000e+00	    0.00000000e+00
   0.130000	   -2.86686501e+01	        6.35699959e+00	    3.50942307e+01	    2.78903031e-02	    0.00000000e+00	    4.85866556e+00	    1.47044373e+00	    2.78903031e-02	    0.00000000e+00	    0.00000000e+00
   0.135000	   -2.86673570e+01	        6.35729275e+00	    3.50942307e+01	    2.78978461e-02	    0.00000000e+00	    4.85866939e+00	    1.47072552e+00	    2.78978461e-02	    0.00000000e+00	    0.00000000e+00
   0.140000	   -2.86660616e+01	        6.35758773e+00	    3.50942307e+01	    2.79054356e-02	    0.00000000e+00	    4.85867328e+00	    1.47100901e+00	    2.79054356e-02	    0.00000000e+00	    0.00000000e+00
   0.145000	   -2.86647645e+01	        6.35788520e+00	    3.50942307e+01	    2.79130728e-02	    0.00000000e+00	    4.85867787e+00	    1.47129425e+00	    2.79130728e-02	    0.00000000e+00	    0.00000000e+00
   0.150000	   -2.86634658e+01	        6.35818422e+00	    3.50942307e+01	    2.79207585e-02	    0.00000000e+00	    4.85868221e+00	    1.47158125e+00	    2.79207585e-02	    0.00000000e+00	    0.00000000e+00
   0.155000	   -2.86621652e+01	        6.35848450e+00	    3.50942307e+01	    2.79284940e-02	    0.00000000e+00	    4.85868595e+00	    1.47187006e+00	    2.79284940e-02	    0.00000000e+00	    0.00000000e+00
   0.160000	   -2.86608626e+01	        6.35878716e+00	    3.50942307e+01	    2.79362804e-02	    0.00000000e+00	    4.85869016e+00	    1.47216072e+00	    2.79362804e-02	    0.00000000e+00	    0.00000000e+00
   0.165000	   -2.86595578e+01	        6.35909216e+00	    3.50942307e+01	    2.79441191e-02	    0.00000000e+00	    4.85869476e+00	    1.47245327e+00	    2.79441191e-02	    0.00000000e+00	    0.00000000e+00
   0.170000	   -2.86582512e+01	        6.35939828e+00	    3.50942307e+01	    2.79520114e-02	    0.00000000e+00	    4.85869849e+00	    1.47274777e+00	    2.79520114e-02	    0.00000000e+00	    0.00000000e+00
   0.175000	   -2.86569425e+01	        6.35970691e+00	    3.50942307e+01	    2.79599588e-02	    0.00000000e+00	    4.85870270e+00	    1.47304425e+00	    2.79599588e-02	    0.00000000e+00	    0.00000000e+00
   0.180000	   -2.86556316e+01	        6.36001828e+00	    3.50942307e+01	    2.79679631e-02	    0.00000000e+00	    4.85870755e+00	    1.47334278e+00	    2.79679631e-02	    0.00000000e+00	    0.00000000e+00
   0.185000	   -2.86543187e+01	        6.36033107e+00	    3.50942307e+01	    2.79760260e-02	    0.00000000e+00	    4.85871164e+00	    1.47364340e+00	    2.79760260e-02	    0.00000000e+00	    0.00000000e+00
   0.190000	   -2.86530032e+01	        6.36064616e+00	    3.50942307e+01	    2.79841495e-02	    0.00000000e+00	    4.85871581e+00	    1.47394620e+00	    2.79841495e-02	    0.00000000e+00	    0.00000000e+00
   0.195000	   -2.86516851e+01	        6.36096347e+00	    3.50942307e+01	    2.79923358e-02	    0.00000000e+00	    4.85871990e+00	    1.47425124e+00	    2.79923358e-02	    0.00000000e+00	    0.00000000e+00
   0.200000	   -2.86503658e+01	        6.36128444e+00	    3.50942307e+01	    2.80005874e-02	    0.00000000e+00	    4.85872527e+00	    1.47455859e+00	    2.80005874e-02	    0.00000000e+00	    0.00000000e+00
   0.205000	   -2.86490428e+01	        6.36160570e+00	    3.50942307e+01	    2.80089072e-02	    0.00000000e+00	    4.85872845e+00	    1.47486835e+00	    2.80089072e-02	    0.00000000e+00	    0.00000000e+00
   0.210000	   -2.86477174e+01	        6.36193284e+00	    3.50942307e+01	    2.80172982e-02	    0.00000000e+00	    4.85873491e+00	    1.47518062e+00	    2.80172982e-02	    0.00000000e+00	    0.00000000e+00
   0.215000	   -2.86463896e+01	        6.36226057e+00	    3.50942307e+01	    2.80257640e-02	    0.00000000e+00	    4.85873927e+00	    1.47549554e+00	    2.80257640e-02	    0.00000000e+00	    0.00000000e+00
   0.220000	   -2.86450583e+01	        6.36259075e+00	    3.50942307e+01	    2.80343086e-02	    0.00000000e+00	    4.85874323e+00	    1.47581322e+00	    2.80343086e-02	    0.00000000e+00	    0.00000000e+00
   0.225000	   -2.86437243e+01	        6.36292534e+00	    3.50942307e+01	    2.80429368e-02	    0.00000000e+00	    4.85874859e+00	    1.47613381e+00	    2.80429368e-02	    0.00000000e+00	    0.00000000e+00
   0.230000	   -2.86423865e+01	        6.36326271e+00	    3.50942307e+01	    2.80516540e-02	    0.00000000e+00	    4.85875354e+00	    1.47645752e+00	    2.80516540e-02	    0.00000000e+00	    0.00000000e+00
   0.235000	   -2.86410454e+01	        6.36360379e+00	    3.50942307e+01	    2.80604663e-02	    0.00000000e+00	    4.85875881e+00	    1.47678452e+00	    2.80604663e-02	    0.00000000e+00	    0.00000000e+00
   0.240000	   -2.86397007e+01	        6.36394926e+00	    3.50942307e+01	    2.80693811e-02	    0.00000000e+00	    4.85876480e+00	    1.47711508e+00	    2.80693811e-02	    0.00000000e+00	    0.00000000e+00
   0.245000	   -2.86383519e+01	        6.36429856e+00	    3.50942307e+01	    2.80784069e-02	    0.00000000e+00	    4.85877068e+00	    1.47744947e+00	    2.80784069e-02	    0.00000000e+00	    0.00000000e+00
   0.250000	   -2.86369980e+01	        6.36465187e+00	    3.50942307e+01	    2.80875537e-02	    0.00000000e+00	    4.85877628e+00	    1.47778804e+00	    2.80875537e-02	    0.00000000e+00	    0.00000000e+00
   0.255000	   -2.86356393e+01	        6.36501079e+00	    3.50942307e+01	    2.80968331e-02	    0.00000000e+00	    4.85878276e+00	    1.47813120e+00	    2.80968331e-02	    0.00000000e+00	    0.00000000e+00
   0.260000	   -2.86342748e+01	        6.36537510e+00	    3.50942307e+01	    2.81062592e-02	    0.00000000e+00	    4.85878944e+00	    1.47847940e+00	    2.81062592e-02	    0.00000000e+00	    0.00000000e+00
   0.265000	   -2.86329043e+01	        6.36574571e+00	    3.50942307e+01	    2.81158483e-02	    0.00000000e+00	    4.85879664e+00	    1.47883323e+00	    2.81158483e-02	    0.00000000e+00	    0.00000000e+00
   0.270000	   -2.86315264e+01	        6.36612299e+00	    3.50942307e+01	    2.81256200e-02	    0.00000000e+00	    4.85880402e+00	    1.47919335e+00	    2.81256200e-02	    0.00000000e+00	    0.00000000e+00
   0.275000	   -2.86301403e+01	        6.36650854e+00	    3.50942307e+01	    2.81355976e-02	    0.00000000e+00	    4.85881237e+00	    1.47956057e+00	    2.81355976e-02	    0.00000000e+00	    0.00000000e+00
   0.280000	   -2.86287456e+01	        6.36690354e+00	    3.50942307e+01	    2.81458087e-02	    0.00000000e+00	    4.85882186e+00	    1.47993587e+00	    2.81458087e-02	    0.00000000e+00	    0.00000000e+00
   0.285000	   -2.86273397e+01	        6.36730945e+00	    3.50942307e+01	    2.81562866e-02	    0.00000000e+00	    4.85883275e+00	    1.48032041e+00	    2.81562866e-02	    0.00000000e+00	    0.00000000e+00
   0.290000	   -2.86259226e+01	        6.36772800e+00	    3.50942307e+01	    2.81670708e-02	    0.00000000e+00	    4.85884536e+00	    1.48071557e+00	    2.81670708e-02	    0.00000000e+00	    0.00000000e+00
   0.295000	   -2.86244909e+01	        6.36815907e+00	    3.50942307e+01	    2.81782091e-02	    0.00000000e+00	    4.85885782e+00	    1.48112304e+00	    2.81782091e-02	    0.00000000e+00	    0.00000000e+00
   0.300000	   -2.86230415e+01	        6.36860738e+00	    3.50942307e+01	    2.81897584e-02	    0.00000000e+00	    4.85887276e+00	    1.48154486e+00	    2.81897584e-02	    0.00000000e+00	    0.00000000e+00
   0.305000	   -2.86215742e+01	        6.36907541e+00	    3.50942307e+01	    2.82017873e-02	    0.00000000e+00	    4.85889017e+00	    1.48198345e+00	    2.82017873e-02	    0.00000000e+00	    0.00000000e+00
   0.310000	   -2.86200831e+01	        6.36956628e+00	    3.50942307e+01	    2.82143784e-02	    0.00000000e+00	    4.85891013e+00	    1.48244178e+00	    2.82143784e-02	    0.00000000e+00	    0.00000000e+00
   0.315000	   -2.86185647e+01	        6.37008391e+00	    3.50942307e+01	    2.82276311e-02	    0.00000000e+00	    4.85893289e+00	    1.48292339e+00	    2.82276311e-02	    0.00000000e+00	    0.00000000e+00
   0.320000	   -2.86170141e+01	        6.37063474e+00	    3.50942307e+01	    2.82416649e-02	    0.00000000e+00	    4.85896049e+00	    1.48343259e+00	    2.82416649e-02	    0.00000000e+00	    0.00000000e+00
   0.325000	   -2.86154253e+01	        6.37122408e+00	    3.50942307e+01	    2.82566243e-02	    0.00000000e+00	    4.85899288e+00	    1.48397458e+00	    2.82566243e-02	    0.00000000e+00	    0.00000000e+00
   0.330000	   -2.86137903e+01	        6.37185950e+00	    3.50942307e+01	    2.82726833e-02	    0.00000000e+00	    4.85903117e+00	    1.48455564e+00	    2.82726833e-02	    0.00000000e+00	    0.00000000e+00
   0.335000	   -2.86121001e+01	        6.37254974e+00	    3.50942307e+01	    2.82900521e-02	    0.00000000e+00	    4.85907630e+00	    1.48518339e+00	    2.82900521e-02	    0.00000000e+00	    0.00000000e+00
   0.340000	   -2.86103441e+01	        6.37330539e+00	    3.50942307e+01	    2.83089847e-02	    0.00000000e+00	    4.85912936e+00	    1.48586705e+00	    2.83089847e-02	    0.00000000e+00	    0.00000000e+00
   0.345000	   -2.86085087e+01	        6.37414154e+00	    3.50942307e+01	    2.83297876e-02	    0.00000000e+00	    4.85919400e+00	    1.48661774e+00	    2.83297876e-02	    0.00000000e+00	    0.00000000e+00
   0.350000	   -2.86065777e+01	        6.37507222e+00	    3.50942307e+01	    2.83528317e-02	    0.00000000e+00	    4.85927039e+00	    1.48744900e+00	    2.83528317e-02	    0.00000000e+00	    0.00000000e+00
   0.355000	   -2.86045319e+01	        6.37611791e+00	    3.50942307e+01	    2.83785651e-02	    0.00000000e+00	    4.85936218e+00	    1.48837716e+00	    2.83785651e-02	    0.00000000e+00	    0.00000000e+00
   0.360000	   -2.86023476e+01	        6.37730227e+00	    3.50942307e+01	    2.84075299e-02	    0.00000000e+00	    4.85947270e+00	    1.48942204e+00	    2.84075299e-02	    0.00000000e+00	    0.00000000e+00
   0.365000	   -2.85999968e+01	        6.37865306e+00	    3.50942307e+01	    2.84403821e-02	    0.00000000e+00	    4.85960502e+00	    1.49060766e+00	    2.84403821e-02	    0.00000000e+00	    0.00000000e+00
   0.370000	   -2.85974441e+01	        6.38020582e+00	    3.50942307e+01	    2.84779149e-02	    0.00000000e+00	    4.85976481e+00	    1.49196310e+00	    2.84779149e-02	    0.00000000e+00	    0.00000000e+00
   0.375000	   -2.85946477e+01	        6.38200167e+00	    3.50942307e+01	    2.85210889e-02	    0.00000000e+00	    4.85995696e+00	    1.49352362e+00	    2.85210889e-02	    0.00000000e+00	    0.00000000e+00
   0.380000	   -2.85915567e+01	        6.38409335e+00	    3.50942307e+01	    2.85710663e-02	    0.00000000e+00	    4.86019032e+00	    1.49533196e+00	    2.85710663e-02	    0.00000000e+00	    0.00000000e+00
   0.385000	   -2.85881090e+01	        6.38654071e+00	    3.50942307e+01	    2.86292544e-02	    0.00000000e+00	    4.86047153e+00	    1.49743992e+00	    2.86292544e-02	    0.00000000e+00	    0.00000000e+00
   0.390000	   -2.85842306e+01	        6.38941933e+00	    3.50942307e+01	    2.86973565e-02	    0.00000000e+00	    4.86081170e+00	    1.49991027e+00	    2.86973565e-02	    0.00000000e+00	    0.00000000e+00
   0.395000	   -2.85798304e+01	        6.39281905e+00	    3.50942307e+01	    2.87774353e-02	    0.00000000e+00	    4.86122247e+00	    1.50281915e+00	    2.87774353e-02	    0.00000000e+00	    0.00000000e+00
   0.400000	   -2.85747980e+01	        6.39685135e+00	    3.50942307e+01	    2.88719883e-02	    0.00000000e+00	    4.86172054e+00	    1.50625882e+00	    2.88719883e-02	    0.00000000e+00	    0.00000000e+00
   0.405000	   -2.85690015e+01	        6.40164914e+00	    3.50942307e+01	    2.89840391e-02	    0.00000000e+00	    4.86232395e+00	    1.51034115e+00	    2.89840391e-02	    0.00000000e+00	    0.00000000e+00
   0.410000	   -2.85622775e+01	        6.40737099e+00	    3.50942307e+01	    2.91172492e-02	    0.00000000e+00	    4.86305198e+00	    1.51520176e+00	    2.91172492e-02	    0.00000000e+00	    0.00000000e+00
   0.415000	   -2.85544315e+01	        6.41421905e+00	    3.50942307e+01	    2.92760513e-02	    0.00000000e+00	    4.86393795e+00	    1.52100505e+00	    2.92760513e-02	    0.00000000e+00	    0.00000000e+00
   0.420000	   -2.85452252e+01	        6.42242452e+00	    3.50942307e+01	    2.94658118e-02	    0.00000000e+00	    4.86500835e+00	    1.52795035e+00	    2.94658118e-02	    0.00000000e+00	    0.00000000e+00
   0.425000	   -2.85344139e+01	        6.43227788e+00	    3.50942307e+01	    2.96930129e-02	    0.00000000e+00	    4.86630640e+00	    1.53627847e+00	    2.96930129e-02	    0.00000000e+00	    0.00000000e+00
   0.430000	   -2.85215630e+01	        6.44412933e+00	    3.50942307e+01	    2.99655442e-02	    0.00000000e+00	    4.86787977e+00	    1.54628403e+00	    2.99655442e-02	    0.00000000e+00	    0.00000000e+00
   0.435000	   -2.85063014e+01	        6.45840049e+00	    3.50942307e+01	    3.02928896e-02	    0.00000000e+00	    4.86978685e+00	    1.55832075e+00	    3.02928896e-02	    0.00000000e+00	    0.00000000e+00
   0.440000	   -2.84881564e+01	        6.47560470e+00	    3.50942307e+01	    3.06865640e-02	    0.00000000e+00	    4.87209882e+00	    1.57281932e+00	    3.06865640e-02	    0.00000000e+00	    0.00000000e+00
   0.445000	   -2.84663971e+01	        6.49636340e+00	    3.50942307e+01	    3.11604908e-02	    0.00000000e+00	    4.87490092e+00	    1.59030199e+00	    3.11604908e-02	    0.00000000e+00	    0.00000000e+00
   0.450000	   -2.84403303e+01	        6.52143146e+00	    3.50942307e+01	    3.17314618e-02	    0.00000000e+00	    4.87829982e+00	    1.61140018e+00	    3.17314618e-02	    0.00000000e+00	    0.00000000e+00
   0.455000	   -2.84090425e+01	        6.55171807e+00	    3.50942307e+01	    3.24197725e-02	    0.00000000e+00	    4.88241869e+00	    1.63687961e+00	    3.24197725e-02	    0.00000000e+00	    0.00000000e+00
   0.460000	   -2.83714395e+01	        6.58833219e+00	    3.50942307e+01	    3.32499007e-02	    0.00000000e+00	    4.88741489e+00	    1.66766740e+00	    3.32499007e-02	    0.00000000e+00	    0.00000000e+00
   0.465000	   -2.83262285e+01	        6.63261085e+00	    3.50942307e+01	    3.42513695e-02	    0.00000000e+00	    4.89347264e+00	    1.70488684e+00	    3.42513695e-02	    0.00000000e+00	    0.00000000e+00
   0.470000	   -2.82716620e+01	        6.68617740e+00	    3.50942307e+01	    3.54597741e-02	    0.00000000e+00	    4.90081805e+00	    1.74989958e+00	    3.54597741e-02	    0.00000000e+00	    0.00000000e+00
   0.475000	   -2.82058459e+01	        6.75099396e+00	    3.50942307e+01	    3.69178332e-02	    0.00000000e+00	    4.90972556e+00	    1.80435057e+00	    3.69178332e-02	    0.00000000e+00	    0.00000000e+00
   0.480000	   -2.81264168e+01	        6.82943319e+00	    3.50942307e+01	    3.86768487e-02	    0.00000000e+00	    4.92052575e+00	    1.87023059e+00	    3.86768487e-02	    0.00000000e+00	    0.00000000e+00
   0.485000	   -2.80304798e+01	        6.92437033e+00	    3.50942307e+01	    4.07983221e-02	    0.00000000e+00	    4.93362359e+00	    1.94994841e+00	    4.07983221e-02	    0.00000000e+00	    0.00000000e+00
   0.490000	   -2.79145765e+01	        7.03927348e+00	    3.50942307e+01	    4.33556941e-02	    0.00000000e+00	    4.94950485e+00	    2.04641293e+00	    4.33556941e-02	    0.00000000e+00	    0.00000000e+00
   0.495000	   -2.77745142e+01	        7.17833585e+00	    3.50942307e+01	    4.64364779e-02	    0.00000000e+00	    4.96876215e+00	    2.16313722e+00	    4.64364779e-02	    0.00000000e+00	    0.00000000e+00
   0.500000	   -2.76052486e+01	        7.34661380e+00	    3.50942307e+01	    5.01445441e-02	    0.00000000e+00	    4.99211037e+00	    2.30435888e+00	    5.01445441e-02	    0.00000000e+00	    0.00000000e+00
   0.505000	   -2.74007368e+01	        7.55020617e+00	    3.50942307e+01	    5.46026790e-02	    0.00000000e+00	    5.02041819e+00	    2.47518530e+00	    5.46026790e-02	    0.00000000e+00	    0.00000000e+00
   0.510000	   -2.71534849e+01	        7.79645826e+00	    3.50942307e+01	    5.99553160e-02	    0.00000000e+00	    5.05473752e+00	    2.68176543e+00	    5.99553160e-02	    0.00000000e+00	    0.00000000e+00
   0.515000	   -2.68547458e+01	        8.09419734e+00	    3.50942307e+01	    6.63711541e-02	    0.00000000e+00	    5.09634052e+00	    2.93148567e+00	    6.63711541e-02	    0.00000000e+00	    0.00000000e+00
   0.520000	   -2.64939335e+01	        8.45402270e+00	    3.50942307e+01	    7.40459426e-02	    0.00000000e+00	    5.14676836e+00	    3.23320840e+00	    7.40459426e-02	    0.00000000e+00	    0.00000000e+00
   0.525000	   -2.60583204e+01	        8.88863548e+00	    3.50942307e+01	    8.32048737e-02	    0.00000000e+00	    5.20788496e+00	    3.59754565e+00	    8.32048737e-02	    0.00000000e+00	    0.00000000e+00
   0.530000	   -2.55327412e+01	        9.41322144e+00	    3.50942307e+01	    9.41043145e-02	    0.00000000e+00	    5.28194669e+00	    4.03717044e+00	    9.41043145e-02	    0.00000000e+00	    0.00000000e+00
   0.535000	   -2.48990842e+01	        1.00458922e+01	    3.50942307e+01	    1.07032778e-01	    0.00000000e+00	    5.37167958e+00	    4.56717988e+00	    1.07032778e-01	    0.00000000e+00	    0.00000000e+00
   0.540000	   -2.41358847e+01	        1.08081913e+01	    3.50942307e+01	    1.22310521e-01	    0.00000000e+00	    5.48037951e+00	    5.20550129e+00	    1.22310521e-01	    0.00000000e+00	    0.00000000e+00
   0.545000	   -2.32174092e+01	        1.17256667e+01	    3.50942307e+01	    1.40287559e-01	    0.00000000e+00	    5.61202610e+00	    5.97335302e+00	    1.40287559e-01	    0.00000000e+00	    0.00000000e+00
   0.550000	   -2.21135720e+01	        1.28285098e+01	    3.50942307e+01	    1.61339652e-01	    0.00000000e+00	    5.77142469e+00	    6.89574550e+00	    1.61339652e-01	    0.00000000e+00	    0.00000000e+00
   0.555000	   -2.07888028e+01	        1.41522787e+01	    3.50942307e+01	    1.85862411e-01	    0.00000000e+00	    5.96437188e+00	    8.00204436e+00	    1.85862411e-01	    0.00000000e+00	    0.00000000e+00
   0.560000	   -1.92013957e+01	        1.57386928e+01	    3.50942307e+01	    2.14263487e-01	    0.00000000e+00	    6.19785811e+00	    9.32657118e+00	    2.14263487e-01	    0.00000000e+00	    0.00000000e+00
   0.565000	   -1.73026455e+01	        1.76365159e+01	    3.50942307e+01	    2.46953483e-01	    0.00000000e+00	    6.48030687e+00	    1.09092556e+01	    2.46953483e-01	    0.00000000e+00	    0.00000000e+00
   0.570000	   -1.50356423e+01	        1.99025294e+01	    3.50942307e+01	    2.84336438e-01	    0.00000000e+00	    6.82186452e+00	    1.27963284e+01	    2.84336438e-01	    0.00000000e+00	    0.00000000e+00
   0.575000	   -1.23346327e+01	        2.26025961e+01	    3.50942307e+01	    3.26801454e-01	    0.00000000e+00	    7.23473762e+00	    1.50410570e+01	    3.26801454e-01	    0.00000000e+00	    0.00000000e+00
   0.580000	   -9.12336158e+00	        2.58128674e+01	    3.50942307e+01	    3.74716014e-01	    0.00000000e+00	    7.73362338e+00	    1.77045280e+01	    3.74716014e-01	    0.00000000e+00	    0.00000000e+00
   0.585000	   -5.31414619e+00	        2.96210856e+01	    3.50942307e+01	    4.28423576e-01	    0.00000000e+00	    8.33618916e+00	    2.08564729e+01	    4.28423576e-01	    0.00000000e+00	    0.00000000e+00
   0.590000	   -8.06188248e-01	        3.41280689e+01	    3.50942307e+01	    4.88244662e-01	    0.00000000e+00	    9.06367182e+00	    2.45761524e+01	    4.88244662e-01	    0.00000000e+00	    0.00000000e+00
   0.595000	    4.51610438e+00	        3.94493630e+01	    3.50942307e+01	    5.54482357e-01	    0.00000000e+00	    9.94158444e+00	    2.89532962e+01	    5.54482357e-01	    0.00000000e+00	    0.00000000e+00
   0.600000	    1.07848401e+01	        4.57171037e+01	    3.50942307e+01	    6.27432250e-01	    0.00000000e+00	    1.10005552e+01	    3.40891163e+01	    6.27432250e-01	    0.00000000e+00	    0.00000000e+00
   0.605000	    1.81508255e+01	        5.30821207e+01	    3.50942307e+01	    7.07394361e-01	    0.00000000e+00	    1.22773321e+01	    4.00973942e+01	    7.07394361e-01	    0.00000000e+00	    0.00000000e+00
   0.610000	    2.67860128e+01	        6.17163165e+01	    3.50942307e+01	    7.94686315e-01	    0.00000000e+00	    1.38159844e+01	    4.71056459e+01	    7.94686315e-01	    0.00000000e+00	    0.00000000e+00
   0.615000	    3.68866822e+01	        7.18160113e+01	    3.50942307e+01	    8.89666846e-01	    0.00000000e+00	    1.56692937e+01	    5.52570508e+01	    8.89666846e-01	    0.00000000e+00	    0.00000000e+00
   0.620000	    4.86732287e+01	        8.36015586e+01	    3.50942307e+01	    9.92698961e-01	    0.00000000e+00	    1.79004031e+01	    6.47084566e+01	    9.92698961e-01	    0.00000000e+00	    0.00000000e+00
   0.625000	    6.24002234e+01	        9.73275520e+01	    3.50942307e+01	    1.10425644e+00	    0.00000000e+00	    2.05848258e+01	    7.56384698e+01	    1.10425644e+00	    0.00000000e+00	    0.00000000e+00
   0.630000	    7.83552483e+01	        1.13281591e+02	    3.50942307e+01	    1.22485269e+00	    0.00000000e+00	    2.38126762e+01	    8.82440624e+01	    1.22485269e+00	    0.00000000e+00	    0.00000000e+00
   0.635000	    9.68600171e+01	        1.31785359e+02	    3.50942307e+01	    1.35502454e+00	    0.00000000e+00	    2.76913146e+01	    1.02739020e+02	    1.35502454e+00	    0.00000000e+00	    0.00000000e+00
   0.640000	    1.18284655e+02	        1.53209105e+02	    3.50942307e+01	    1.49543512e+00	    0.00000000e+00	    3.23485189e+01	    1.19365151e+02	    1.49543512e+00	    0.00000000e+00	    0.00000000e+00
   0.645000	    1.43041419e+02	        1.77964867e+02	    3.50942307e+01	    1.64675860e+00	    0.00000000e+00	    3.79359551e+01	    1.38382153e+02	    1.64675860e+00	    0.00000000e+00	    0.00000000e+00
   0.650000	    1.71603848e+02	        2.06526302e+02	    3.50942307e+01	    1.80979897e+00	    0.00000000e+00	    4.46333557e+01	    1.60083148e+02	    1.80979897e+00	    0.00000000e+00	    0.00000000e+00
   0.655000	    2.04501032e+02	        2.39422477e+02	    3.50942307e+01	    1.98538476e+00	    0.00000000e+00	    5.26531076e+01	    1.84783985e+02	    1.98538476e+00	    0.00000000e+00	    0.00000000e+00
   0.660000	    2.42330789e+02	        2.77251248e+02	    3.50942307e+01	    2.17441733e+00	    0.00000000e+00	    6.22456227e+01	    2.12831208e+02	    2.17441733e+00	    0.00000000e+00	    0.00000000e+00
   0.665000	    2.85766092e+02	        3.20685567e+02	    3.50942307e+01	    2.37785731e+00	    0.00000000e+00	    7.37051503e+01	    2.44602559e+02	    2.37785731e+00	    0.00000000e+00	    0.00000000e+00
   0.670000	    3.35563297e+02	        3.70481775e+02	    3.50942307e+01	    2.59671913e+00	    0.00000000e+00	    8.73765094e+01	    2.80508546e+02	    2.59671913e+00	    0.00000000e+00	    0.00000000e+00
   0.675000	    3.92570984e+02	        4.27488479e+02	    3.50942307e+01	    2.83206761e+00	    0.00000000e+00	    1.03662263e+02	    3.20994149e+02	    2.83206761e+00	    0.00000000e+00	    0.00000000e+00
   0.680000	    4.57739249e+02	        4.92655740e+02	    3.50942307e+01	    3.08501031e+00	    0.00000000e+00	    1.23030642e+02	    3.66540088e+02	    3.08501031e+00	    0.00000000e+00	    0.00000000e+00
   0.685000	    5.32129461e+02	        5.67044958e+02	    3.50942307e+01	    3.35669150e+00	    0.00000000e+00	    1.46024151e+02	    4.17664116e+02	    3.35669150e+00	    0.00000000e+00	    0.00000000e+00
   0.690000	    6.16924215e+02	        6.51838710e+02	    3.50942307e+01	    3.64828389e+00	    0.00000000e+00	    1.73268473e+02	    4.74921953e+02	    3.64828389e+00	    0.00000000e+00	    0.00000000e+00
   0.695000	    7.13437337e+02	        7.48350842e+02	    3.50942307e+01	    3.96097893e+00	    0.00000000e+00	    2.05481981e+02	    5.38907882e+02	    3.96097893e+00	    0.00000000e+00	    0.00000000e+00
   0.700000	    8.23123884e+02	        8.58036395e+02	    3.50942307e+01	    4.29597774e+00	    0.00000000e+00	    2.43485269e+02	    6.10255149e+02	    4.29597774e+00	    0.00000000e+00	    0.00000000e+00
   0.705000	    9.47589566e+02	        9.82501068e+02	    3.50942307e+01	    4.65447916e+00	    0.00000000e+00	    2.88210806e+02	    6.89635783e+02	    4.65447916e+00	    0.00000000e+00	    0.00000000e+00
   0.710000	    1.08859964e+03	        1.12351017e+03	    3.50942307e+01	    5.03766899e+00	    0.00000000e+00	    3.40712331e+02	    7.77760172e+02	    5.03766899e+00	    0.00000000e+00	    0.00000000e+00
   0.715000	    1.24808629e+03	        1.28299584e+03	    3.50942307e+01	    5.44670233e+00	    0.00000000e+00	    4.02173583e+02	    8.75375550e+02	    5.44670233e+00	    0.00000000e+00	    0.00000000e+00
   0.720000	    1.42815559e+03	        1.46306414e+03	    3.50942307e+01	    5.88269774e+00	    0.00000000e+00	    4.73916224e+02	    9.83265217e+02	    5.88269774e+00	    0.00000000e+00	    0.00000000e+00
   0.725000	    1.63109162e+03	        1.66599918e+03	    3.50942307e+01	    6.34671758e+00	    0.00000000e+00	    5.57406641e+02	    1.10224583e+03	    6.34671758e+00	    0.00000000e+00	    0.00000000e+00
   0.730000	    1.85935943e+03	        1.89426599e+03	    3.50942307e+01	    6.83975758e+00	    0.00000000e+00	    6.54261008e+02	    1.23316522e+03	    6.83975758e+00	    0.00000000e+00	    0.00000000e+00
   0.735000	    2.11560519e+03	        2.15051074e+03	    3.50942307e+01	    7.36273275e+00	    0.00000000e+00	    7.66248777e+02	    1.37689923e+03	    7.36273275e+00	    0.00000000e+00	    0.00000000e+00
   0.740000	    2.40265406e+03	        2.43755860e+03	    3.50942307e+01	    7.91646587e+00	    0.00000000e+00	    8.95293801e+02	    1.53434833e+03	    7.91646587e+00	    0.00000000e+00	    0.00000000e+00
   0.745000	    2.72350539e+03	        2.75840891e+03	    3.50942307e+01	    8.50167730e+00	    0.00000000e+00	    1.04347336e+03	    1.70643387e+03	    8.50167730e+00	    0.00000000e+00	    0.00000000e+00
   0.750000	    3.08132477e+03	        3.11622735e+03	    3.50942307e+01	    9.11897430e+00	    0.00000000e+00	    1.21301463e+03	    1.89409375e+03	    9.11897430e+00	    0.00000000e+00	    0.00000000e+00
   0.755000	    3.47943457e+03	        3.51433612e+03	    3.50942307e+01	    9.76884684e+00	    0.00000000e+00	    1.40628865e+03	    2.09827862e+03	    9.76884684e+00	    0.00000000e+00	    0.00000000e+00
   0.760000	    3.92130107e+03	        3.95620165e+03	    3.50942307e+01	    1.04516630e+01	    0.00000000e+00	    1.62580247e+03	    2.31994751e+03	    1.04516630e+01	    0.00000000e+00	    0.00000000e+00
   0.765000	    4.41051825e+03	        4.44541785e+03	    3.50942307e+01	    1.11676591e+01	    0.00000000e+00	    1.87418789e+03	    2.56006230e+03	    1.11676591e+01	    0.00000000e+00	    0.00000000e+00
   0.770000	    4.95079335e+03	        4.98569193e+03	    3.50942307e+01	    1.19169515e+01	    0.00000000e+00	    2.15418968e+03	    2.81958530e+03	    1.19169515e+01	    0.00000000e+00	    0.00000000e+00
   0.775000	    5.54592700e+03	        5.58082460e+03	    3.50942307e+01	    1.26995306e+01	    0.00000000e+00	    2.46865127e+03	    3.09947379e+03	    1.26995306e+01	    0.00000000e+00	    0.00000000e+00
   0.780000	    6.19979456e+03	        6.23469115e+03	    3.50942307e+01	    1.35152674e+01	    0.00000000e+00	    2.82049932e+03	    3.40067657e+03	    1.35152674e+01	    0.00000000e+00	    0.00000000e+00
   0.785000	    6.91632577e+03	        6.95122142e+03	    3.50942307e+01	    1.43639193e+01	    0.00000000e+00	    3.21272750e+03	    3.72413000e+03	    1.43639193e+01	    0.00000000e+00	    0.00000000e+00
   0.790000	    7.69948390e+03	        7.73437856e+03	    3.50942307e+01	    1.52451319e+01	    0.00000000e+00	    3.64837936e+03	    4.07075407e+03	    1.52451319e+01	    0.00000000e+00	    0.00000000e+00
   0.795000	    8.55324854e+03	        8.58814217e+03	    3.50942307e+01	    1.61584595e+01	    0.00000000e+00	    4.13053268e+03	    4.44145103e+03	    1.61584595e+01	    0.00000000e+00	    0.00000000e+00
   0.800000	    9.48159429e+03	        9.51648694e+03	    3.50942307e+01	    1.71033651e+01	    0.00000000e+00	    4.66228226e+03	    4.83710132e+03	    1.71033651e+01	    0.00000000e+00	    0.00000000e+00

solar cell parameters deduced from calculated IV-curve:
Voc =	    0.590809	Volt
Jsc =	   28.70175301	mA/cm2
FF =	   81.6665	%
eta =	   15.3871	%
V_MPP =	    0.509536	Volt
J_MPP =	   27.17844160	mA/cm2

SCAPS 3.3.12 ELIS-UGent: Version scaps3312.exe, dated 00-00-   0, 00:00:00
Simulation of QE curves
Single shot simulation #	8
Calculation started : 	12-8-2026 at 15:43:09

problem definition file :	c:\Users\orden\Desktop\scaps\def\CELL1.def
last saved: 	09-07-2026 at 20:17:00

Calculation under illumination
Optical generation from internal SCAPS calculation
Illumination spectrum read from file
spectrum file :	
C:\Users\orden\Desktop\scaps\spectrum\AM1_5G 1 sun.spe  last saved: 	22-05-2009 at 15:59:48
Neutral density filter: ND	  0.0458
Transmission of ND filter:	  9.0000e-01
Power from spectrum:	  100.0000	mW/cm2
Incident power on solar cell structure	   90.0000	mW/cm2

Working point conditions
Temperature	  300.00	K
Workpoint bias voltage	    0.0000	Volt
Frequency	  1.0000e+06	Hz

Voltage reference convention: voltage referred to right contact, voltage V applied to left contact
Current reference convention: current positive when entering the left contact
Power generated by the cell: = -V*I; power consumed by the cell = +V*I

  lambda(nm)	      QE(%)	photon energy (eV)

   300.000000	   7.736270e+00	    4.133257
   310.000000	   7.895494e+00	    3.999926
   320.000000	   8.052174e+00	    3.874928
   330.000000	   8.159225e+00	    3.757506
   340.000000	   8.254103e+00	    3.646991
   350.000000	   8.314103e+00	    3.542791
   360.000000	   8.378769e+00	    3.444381
   370.000000	   9.114182e+00	    3.351289
   380.000000	   1.309732e+01	    3.263097
   390.000000	   1.735275e+01	    3.179428
   400.000000	   2.358945e+01	    3.099943
   410.000000	   2.956298e+01	    3.024334
   420.000000	   3.675197e+01	    2.952326
   430.000000	   4.233672e+01	    2.883667
   440.000000	   4.852307e+01	    2.818130
   450.000000	   5.383231e+01	    2.755504
   460.000000	   5.894432e+01	    2.695602
   470.000000	   6.296861e+01	    2.638249
   480.000000	   6.747091e+01	    2.583285
   490.000000	   7.063826e+01	    2.530565
   500.000000	   7.371834e+01	    2.479954
   510.000000	   7.685896e+01	    2.431327
   520.000000	   7.951827e+01	    2.384571
   530.000000	   8.112279e+01	    2.339579
   540.000000	   8.321176e+01	    2.296254
   550.000000	   8.496163e+01	    2.254504
   560.000000	   8.628169e+01	    2.214245
   570.000000	   8.726575e+01	    2.175398
   580.000000	   8.824837e+01	    2.137891
   590.000000	   8.955613e+01	    2.101656
   600.000000	   9.028971e+01	    2.066628
   610.000000	   9.090867e+01	    2.032749
   620.000000	   9.145453e+01	    1.999963
   630.000000	   9.199429e+01	    1.968217
   640.000000	   9.253590e+01	    1.937464
   650.000000	   9.305493e+01	    1.907657
   660.000000	   9.355546e+01	    1.878753
   670.000000	   9.402731e+01	    1.850712
   680.000000	   9.439815e+01	    1.823496
   690.000000	   9.472438e+01	    1.797068
   700.000000	   9.503840e+01	    1.771396
   710.000000	   9.529176e+01	    1.746446
   720.000000	   9.554856e+01	    1.722190
   730.000000	   9.576061e+01	    1.698599
   740.000000	   9.593957e+01	    1.675645
   750.000000	   9.609932e+01	    1.653303
   760.000000	   9.622194e+01	    1.631549
   770.000000	   9.631350e+01	    1.610360
   780.000000	   9.636733e+01	    1.589714
   790.000000	   9.638462e+01	    1.569591
   800.000000	   9.635749e+01	    1.549971
   810.000000	   9.628378e+01	    1.530836
   820.000000	   9.615689e+01	    1.512167
   830.000000	   9.596821e+01	    1.493948
   840.000000	   9.570849e+01	    1.476163
   850.000000	   9.535293e+01	    1.458796
   860.000000	   9.489389e+01	    1.441834
   870.000000	   9.430210e+01	    1.425261
   880.000000	   9.354750e+01	    1.409065
   890.000000	   9.257499e+01	    1.393233
   900.000000	   9.132398e+01	    1.377752
