Calculation under illumination
Optical generation from internal SCAPS calculation
Illumination spectrum read from file
spectrum file :	
C:\Users\orden\Desktop\scaps\spectrum\AM1_5G 1 sun.spe  last saved: 	22-05-2009 at 15:59:48
Neutral density filter: ND	  0.0458
Transmission of ND filter:	  9.0000e-01
Power from spectrum:	  100.0000	mW/cm2
Incident power on solar cell structure	   90.0000	mW/cm2

Working point conditions
Temperature	  300.00	K
Workpoint bias voltage	    0.0000	Volt
Frequency	  1.0000e+06	Hz

Voltage reference convention: voltage referred to right contact, voltage V applied to left contact
Current reference convention: current positive when entering the left contact
Power generated by the cell: = -V*I; power consumed by the cell = +V*I

    v(V)	jtot(mA/cm2)	j_total_rec(mA/cm2)	j_total_gen(mA/cm2)	   jbulk(mA/cm2)	jifr(mA/cm2)	jminor_left(mA/cm2)	jminor_right(mA/cm2)	j_SRH(mA/cm2)	j_Radiative(mA/cm2)	j_Auger(mA/cm2)

   0.000000	   -2.75960913e+01	        7.45555894e+00	    3.50942307e+01	    1.62756612e-02	    0.00000000e+00	    4.85856455e+00	    2.58071874e+00	    1.62756612e-02	    0.00000000e+00	    0.00000000e+00
   0.005000	   -2.75946700e+01	        7.45597988e+00	    3.50942307e+01	    1.62801331e-02	    0.00000000e+00	    4.85856784e+00	    2.58113191e+00	    1.62801331e-02	    0.00000000e+00	    0.00000000e+00
   0.010000	   -2.75932512e+01	        7.45639859e+00	    3.50942307e+01	    1.62846137e-02	    0.00000000e+00	    4.85857143e+00	    2.58154255e+00	    1.62846137e-02	    0.00000000e+00	    0.00000000e+00
   0.015000	   -2.75918299e+01	        7.45681975e+00	    3.50942307e+01	    1.62891156e-02	    0.00000000e+00	    4.85857551e+00	    2.58195512e+00	    1.62891156e-02	    0.00000000e+00	    0.00000000e+00
   0.020000	   -2.75904070e+01	        7.45724156e+00	    3.50942307e+01	    1.62936392e-02	    0.00000000e+00	    4.85857828e+00	    2.58236965e+00	    1.62936392e-02	    0.00000000e+00	    0.00000000e+00
   0.025000	   -2.75889819e+01	        7.45766701e+00	    3.50942307e+01	    1.62981847e-02	    0.00000000e+00	    4.85858266e+00	    2.58278617e+00	    1.62981847e-02	    0.00000000e+00	    0.00000000e+00
   0.030000	   -2.75875540e+01	        7.45809465e+00	    3.50942307e+01	    1.63027524e-02	    0.00000000e+00	    4.85858720e+00	    2.58320470e+00	    1.63027524e-02	    0.00000000e+00	    0.00000000e+00
   0.035000	   -2.75861267e+01	        7.45852292e+00	    3.50942307e+01	    1.63073427e-02	    0.00000000e+00	    4.85859031e+00	    2.58362528e+00	    1.63073427e-02	    0.00000000e+00	    0.00000000e+00
   0.040000	   -2.75846953e+01	        7.45895442e+00	    3.50942307e+01	    1.63119558e-02	    0.00000000e+00	    4.85859454e+00	    2.58404792e+00	    1.63119558e-02	    0.00000000e+00	    0.00000000e+00
   0.045000	   -2.75832623e+01	        7.45938793e+00	    3.50942307e+01	    1.63165921e-02	    0.00000000e+00	    4.85859867e+00	    2.58447267e+00	    1.63165921e-02	    0.00000000e+00	    0.00000000e+00
   0.050000	   -2.75818267e+01	        7.45982197e+00	    3.50942307e+01	    1.63212519e-02	    0.00000000e+00	    4.85860117e+00	    2.58489954e+00	    1.63212519e-02	    0.00000000e+00	    0.00000000e+00
   0.055000	   -2.75803895e+01	        7.46026012e+00	    3.50942307e+01	    1.63259356e-02	    0.00000000e+00	    4.85860560e+00	    2.58532858e+00	    1.63259356e-02	    0.00000000e+00	    0.00000000e+00
   0.060000	   -2.75789491e+01	        7.46070022e+00	    3.50942307e+01	    1.63306436e-02	    0.00000000e+00	    4.85860978e+00	    2.58575980e+00	    1.63306436e-02	    0.00000000e+00	    0.00000000e+00
   0.065000	   -2.75775075e+01	        7.46114245e+00	    3.50942307e+01	    1.63353761e-02	    0.00000000e+00	    4.85861382e+00	    2.58619326e+00	    1.63353761e-02	    0.00000000e+00	    0.00000000e+00
   0.070000	   -2.75760630e+01	        7.46158610e+00	    3.50942307e+01	    1.63401336e-02	    0.00000000e+00	    4.85861700e+00	    2.58662896e+00	    1.63401336e-02	    0.00000000e+00	    0.00000000e+00
   0.075000	   -2.75746159e+01	        7.46203349e+00	    3.50942307e+01	    1.63449165e-02	    0.00000000e+00	    4.85862162e+00	    2.58706696e+00	    1.63449165e-02	    0.00000000e+00	    0.00000000e+00
   0.080000	   -2.75731673e+01	        7.46248253e+00	    3.50942307e+01	    1.63497252e-02	    0.00000000e+00	    4.85862552e+00	    2.58750728e+00	    1.63497252e-02	    0.00000000e+00	    0.00000000e+00
   0.085000	   -2.75717159e+01	        7.46293509e+00	    3.50942307e+01	    1.63545601e-02	    0.00000000e+00	    4.85863057e+00	    2.58794996e+00	    1.63545601e-02	    0.00000000e+00	    0.00000000e+00
   0.090000	   -2.75702618e+01	        7.46338732e+00	    3.50942307e+01	    1.63594217e-02	    0.00000000e+00	    4.85863285e+00	    2.58839504e+00	    1.63594217e-02	    0.00000000e+00	    0.00000000e+00
   0.095000	   -2.75688056e+01	        7.46384358e+00	    3.50942307e+01	    1.63643103e-02	    0.00000000e+00	    4.85863671e+00	    2.58884256e+00	    1.63643103e-02	    0.00000000e+00	    0.00000000e+00
   0.100000	   -2.75673467e+01	        7.46430287e+00	    3.50942307e+01	    1.63692265e-02	    0.00000000e+00	    4.85864109e+00	    2.58929255e+00	    1.63692265e-02	    0.00000000e+00	    0.00000000e+00
   0.105000	   -2.75658852e+01	        7.46476437e+00	    3.50942307e+01	    1.63741707e-02	    0.00000000e+00	    4.85864513e+00	    2.58974506e+00	    1.63741707e-02	    0.00000000e+00	    0.00000000e+00
   0.110000	   -2.75644212e+01	        7.46522804e+00	    3.50942307e+01	    1.63791435e-02	    0.00000000e+00	    4.85864877e+00	    2.59020012e+00	    1.63791435e-02	    0.00000000e+00	    0.00000000e+00
   0.115000	   -2.75629547e+01	        7.46569538e+00	    3.50942307e+01	    1.63841454e-02	    0.00000000e+00	    4.85865344e+00	    2.59065779e+00	    1.63841454e-02	    0.00000000e+00	    0.00000000e+00
   0.120000	   -2.75614853e+01	        7.46616416e+00	    3.50942307e+01	    1.63891769e-02	    0.00000000e+00	    4.85865688e+00	    2.59111810e+00	    1.63891769e-02	    0.00000000e+00	    0.00000000e+00
   0.125000	   -2.75600134e+01	        7.46663744e+00	    3.50942307e+01	    1.63942386e-02	    0.00000000e+00	    4.85866210e+00	    2.59158111e+00	    1.63942386e-02	    0.00000000e+00	    0.00000000e+00
   0.130000	   -2.75585377e+01	        7.46711106e+00	    3.50942307e+01	    1.63993311e-02	    0.00000000e+00	    4.85866487e+00	    2.59204685e+00	    1.63993311e-02	    0.00000000e+00	    0.00000000e+00
   0.135000	   -2.75570605e+01	        7.46758841e+00	    3.50942307e+01	    1.64044550e-02	    0.00000000e+00	    4.85866856e+00	    2.59251539e+00	    1.64044550e-02	    0.00000000e+00	    0.00000000e+00
   0.140000	   -2.75555790e+01	        7.46807067e+00	    3.50942307e+01	    1.64096111e-02	    0.00000000e+00	    4.85867428e+00	    2.59298678e+00	    1.64096111e-02	    0.00000000e+00	    0.00000000e+00
   0.145000	   -2.75540954e+01	        7.46855362e+00	    3.50942307e+01	    1.64148001e-02	    0.00000000e+00	    4.85867776e+00	    2.59346107e+00	    1.64148001e-02	    0.00000000e+00	    0.00000000e+00
   0.150000	   -2.75526097e+01	        7.46904002e+00	    3.50942307e+01	    1.64200227e-02	    0.00000000e+00	    4.85868167e+00	    2.59393832e+00	    1.64200227e-02	    0.00000000e+00	    0.00000000e+00
   0.155000	   -2.75511200e+01	        7.46952985e+00	    3.50942307e+01	    1.64252797e-02	    0.00000000e+00	    4.85868597e+00	    2.59441860e+00	    1.64252797e-02	    0.00000000e+00	    0.00000000e+00
   0.160000	   -2.75496268e+01	        7.47002315e+00	    3.50942307e+01	    1.64305719e-02	    0.00000000e+00	    4.85869060e+00	    2.59490198e+00	    1.64305719e-02	    0.00000000e+00	    0.00000000e+00
   0.165000	   -2.75481311e+01	        7.47051863e+00	    3.50942307e+01	    1.64359005e-02	    0.00000000e+00	    4.85869421e+00	    2.59538852e+00	    1.64359005e-02	    0.00000000e+00	    0.00000000e+00
   0.170000	   -2.75466315e+01	        7.47101782e+00	    3.50942307e+01	    1.64412663e-02	    0.00000000e+00	    4.85869825e+00	    2.59587830e+00	    1.64412663e-02	    0.00000000e+00	    0.00000000e+00
   0.175000	   -2.75451288e+01	        7.47152087e+00	    3.50942307e+01	    1.64466704e-02	    0.00000000e+00	    4.85870278e+00	    2.59637142e+00	    1.64466704e-02	    0.00000000e+00	    0.00000000e+00
   0.180000	   -2.75436221e+01	        7.47202743e+00	    3.50942307e+01	    1.64521142e-02	    0.00000000e+00	    4.85870736e+00	    2.59686796e+00	    1.64521142e-02	    0.00000000e+00	    0.00000000e+00
   0.185000	   -2.75421122e+01	        7.47253633e+00	    3.50942307e+01	    1.64575988e-02	    0.00000000e+00	    4.85871071e+00	    2.59736802e+00	    1.64575988e-02	    0.00000000e+00	    0.00000000e+00
   0.190000	   -2.75405989e+01	        7.47305073e+00	    3.50942307e+01	    1.64631259e-02	    0.00000000e+00	    4.85871589e+00	    2.59787171e+00	    1.64631259e-02	    0.00000000e+00	    0.00000000e+00
   0.195000	   -2.75390814e+01	        7.47356854e+00	    3.50942307e+01	    1.64686969e-02	    0.00000000e+00	    4.85872068e+00	    2.59837917e+00	    1.64686969e-02	    0.00000000e+00	    0.00000000e+00
   0.200000	   -2.75375598e+01	        7.47408907e+00	    3.50942307e+01	    1.64743138e-02	    0.00000000e+00	    4.85872425e+00	    2.59889052e+00	    1.64743138e-02	    0.00000000e+00	    0.00000000e+00
   0.205000	   -2.75360341e+01	        7.47461547e+00	    3.50942307e+01	    1.64799787e-02	    0.00000000e+00	    4.85872957e+00	    2.59940592e+00	    1.64799787e-02	    0.00000000e+00	    0.00000000e+00
   0.210000	   -2.75345043e+01	        7.47514608e+00	    3.50942307e+01	    1.64856937e-02	    0.00000000e+00	    4.85873483e+00	    2.59992555e+00	    1.64856937e-02	    0.00000000e+00	    0.00000000e+00
   0.215000	   -2.75329698e+01	        7.47568009e+00	    3.50942307e+01	    1.64914616e-02	    0.00000000e+00	    4.85873901e+00	    2.60044962e+00	    1.64914616e-02	    0.00000000e+00	    0.00000000e+00
   0.220000	   -2.75314302e+01	        7.47621919e+00	    3.50942307e+01	    1.64972855e-02	    0.00000000e+00	    4.85874355e+00	    2.60097835e+00	    1.64972855e-02	    0.00000000e+00	    0.00000000e+00
   0.225000	   -2.75298859e+01	        7.47676317e+00	    3.50942307e+01	    1.65031686e-02	    0.00000000e+00	    4.85874799e+00	    2.60151202e+00	    1.65031686e-02	    0.00000000e+00	    0.00000000e+00
   0.230000	   -2.75283361e+01	        7.47731418e+00	    3.50942307e+01	    1.65091152e-02	    0.00000000e+00	    4.85875414e+00	    2.60205092e+00	    1.65091152e-02	    0.00000000e+00	    0.00000000e+00
   0.235000	   -2.75267800e+01	        7.47786911e+00	    3.50942307e+01	    1.65151297e-02	    0.00000000e+00	    4.85875855e+00	    2.60259544e+00	    1.65151297e-02	    0.00000000e+00	    0.00000000e+00
   0.240000	   -2.75252182e+01	        7.47843200e+00	    3.50942307e+01	    1.65212176e-02	    0.00000000e+00	    4.85876480e+00	    2.60314598e+00	    1.65212176e-02	    0.00000000e+00	    0.00000000e+00
   0.245000	   -2.75236489e+01	        7.47900127e+00	    3.50942307e+01	    1.65273851e-02	    0.00000000e+00	    4.85877083e+00	    2.60370305e+00	    1.65273851e-02	    0.00000000e+00	    0.00000000e+00
   0.250000	   -2.75220724e+01	        7.47957730e+00	    3.50942307e+01	    1.65336397e-02	    0.00000000e+00	    4.85877642e+00	    2.60426724e+00	    1.65336397e-02	    0.00000000e+00	    0.00000000e+00
   0.255000	   -2.75204878e+01	        7.48016137e+00	    3.50942307e+01	    1.65399900e-02	    0.00000000e+00	    4.85878213e+00	    2.60483926e+00	    1.65399900e-02	    0.00000000e+00	    0.00000000e+00
   0.260000	   -2.75188942e+01	        7.48075542e+00	    3.50942307e+01	    1.65464463e-02	    0.00000000e+00	    4.85878906e+00	    2.60541991e+00	    1.65464463e-02	    0.00000000e+00	    0.00000000e+00
   0.265000	   -2.75172900e+01	        7.48136036e+00	    3.50942307e+01	    1.65530207e-02	    0.00000000e+00	    4.85879713e+00	    2.60601021e+00	    1.65530207e-02	    0.00000000e+00	    0.00000000e+00
   0.270000	   -2.75156744e+01	        7.48197548e+00	    3.50942307e+01	    1.65597275e-02	    0.00000000e+00	    4.85880442e+00	    2.60661133e+00	    1.65597275e-02	    0.00000000e+00	    0.00000000e+00
   0.275000	   -2.75140454e+01	        7.48260428e+00	    3.50942307e+01	    1.65665839e-02	    0.00000000e+00	    4.85881301e+00	    2.60722468e+00	    1.65665839e-02	    0.00000000e+00	    0.00000000e+00
   0.280000	   -2.75124016e+01	        7.48324769e+00	    3.50942307e+01	    1.65736103e-02	    0.00000000e+00	    4.85882212e+00	    2.60785196e+00	    1.65736103e-02	    0.00000000e+00	    0.00000000e+00
   0.285000	   -2.75107405e+01	        7.48390962e+00	    3.50942307e+01	    1.65808309e-02	    0.00000000e+00	    4.85883357e+00	    2.60849521e+00	    1.65808309e-02	    0.00000000e+00	    0.00000000e+00
   0.290000	   -2.75090600e+01	        7.48458988e+00	    3.50942307e+01	    1.65882748e-02	    0.00000000e+00	    4.85884472e+00	    2.60915688e+00	    1.65882748e-02	    0.00000000e+00	    0.00000000e+00
   0.295000	   -2.75073561e+01	        7.48529375e+00	    3.50942307e+01	    1.65959769e-02	    0.00000000e+00	    4.85885786e+00	    2.60983991e+00	    1.65959769e-02	    0.00000000e+00	    0.00000000e+00
   0.300000	   -2.75056251e+01	        7.48602519e+00	    3.50942307e+01	    1.66039788e-02	    0.00000000e+00	    4.85887335e+00	    2.61054786e+00	    1.66039788e-02	    0.00000000e+00	    0.00000000e+00
   0.305000	   -2.75038619e+01	        7.48678704e+00	    3.50942307e+01	    1.66123308e-02	    0.00000000e+00	    4.85888970e+00	    2.61128501e+00	    1.66123308e-02	    0.00000000e+00	    0.00000000e+00
   0.310000	   -2.75020615e+01	        7.48758776e+00	    3.50942307e+01	    1.66210929e-02	    0.00000000e+00	    4.85891014e+00	    2.61205653e+00	    1.66210929e-02	    0.00000000e+00	    0.00000000e+00
   0.315000	   -2.75002169e+01	        7.48843217e+00	    3.50942307e+01	    1.66303376e-02	    0.00000000e+00	    4.85893316e+00	    2.61286867e+00	    1.66303376e-02	    0.00000000e+00	    0.00000000e+00
   0.320000	   -2.74983196e+01	        7.48933064e+00	    3.50942307e+01	    1.66401521e-02	    0.00000000e+00	    4.85896150e+00	    2.61372898e+00	    1.66401521e-02	    0.00000000e+00	    0.00000000e+00
   0.325000	   -2.74963590e+01	        7.49029035e+00	    3.50942307e+01	    1.66506413e-02	    0.00000000e+00	    4.85899312e+00	    2.61464659e+00	    1.66506413e-02	    0.00000000e+00	    0.00000000e+00
   0.330000	   -2.74943241e+01	        7.49132637e+00	    3.50942307e+01	    1.66619320e-02	    0.00000000e+00	    4.85903190e+00	    2.61563254e+00	    1.66619320e-02	    0.00000000e+00	    0.00000000e+00
   0.335000	   -2.74921986e+01	        7.49245073e+00	    3.50942307e+01	    1.66741768e-02	    0.00000000e+00	    4.85907636e+00	    2.61670019e+00	    1.66741768e-02	    0.00000000e+00	    0.00000000e+00
   0.340000	   -2.74899665e+01	        7.49368304e+00	    3.50942307e+01	    1.66875600e-02	    0.00000000e+00	    4.85912976e+00	    2.61786572e+00	    1.66875600e-02	    0.00000000e+00	    0.00000000e+00
   0.345000	   -2.74876049e+01	        7.49504491e+00	    3.50942307e+01	    1.67023042e-02	    0.00000000e+00	    4.85919390e+00	    2.61914871e+00	    1.67023042e-02	    0.00000000e+00	    0.00000000e+00
   0.350000	   -2.74850879e+01	        7.49656234e+00	    3.50942307e+01	    1.67186781e-02	    0.00000000e+00	    4.85927078e+00	    2.62057288e+00	    1.67186781e-02	    0.00000000e+00	    0.00000000e+00
   0.355000	   -2.74823835e+01	        7.49826536e+00	    3.50942307e+01	    1.67370066e-02	    0.00000000e+00	    4.85936141e+00	    2.62216695e+00	    1.67370066e-02	    0.00000000e+00	    0.00000000e+00
   0.360000	   -2.74794539e+01	        7.50019619e+00	    3.50942307e+01	    1.67576822e-02	    0.00000000e+00	    4.85947278e+00	    2.62396573e+00	    1.67576822e-02	    0.00000000e+00	    0.00000000e+00
   0.365000	   -2.74762517e+01	        7.50239735e+00	    3.50942307e+01	    1.67811798e-02	    0.00000000e+00	    4.85960479e+00	    2.62601138e+00	    1.67811798e-02	    0.00000000e+00	    0.00000000e+00
   0.370000	   -2.74727217e+01	        7.50492785e+00	    3.50942307e+01	    1.68080734e-02	    0.00000000e+00	    4.85976476e+00	    2.62835502e+00	    1.68080734e-02	    0.00000000e+00	    0.00000000e+00
   0.375000	   -2.74687940e+01	        7.50785519e+00	    3.50942307e+01	    1.68390576e-02	    0.00000000e+00	    4.85995756e+00	    2.63105857e+00	    1.68390576e-02	    0.00000000e+00	    0.00000000e+00
   0.380000	   -2.74643869e+01	        7.51126342e+00	    3.50942307e+01	    1.68749727e-02	    0.00000000e+00	    4.86019135e+00	    2.63419710e+00	    1.68749727e-02	    0.00000000e+00	    0.00000000e+00
   0.385000	   -2.74593992e+01	        7.51525061e+00	    3.50942307e+01	    1.69168355e-02	    0.00000000e+00	    4.86047219e+00	    2.63786158e+00	    1.69168355e-02	    0.00000000e+00	    0.00000000e+00
   0.390000	   -2.74537093e+01	        7.51994035e+00	    3.50942307e+01	    1.69658767e-02	    0.00000000e+00	    4.86081216e+00	    2.64216231e+00	    1.69658767e-02	    0.00000000e+00	    0.00000000e+00
   0.395000	   -2.74471691e+01	        7.52547981e+00	    3.50942307e+01	    1.70235857e-02	    0.00000000e+00	    4.86122325e+00	    2.64723298e+00	    1.70235857e-02	    0.00000000e+00	    0.00000000e+00
   0.400000	   -2.74396006e+01	        7.53204888e+00	    3.50942307e+01	    1.70917656e-02	    0.00000000e+00	    4.86172145e+00	    2.65323566e+00	    1.70917656e-02	    0.00000000e+00	    0.00000000e+00
   0.405000	   -2.74307852e+01	        7.53986454e+00	    3.50942307e+01	    1.71725989e-02	    0.00000000e+00	    4.86232512e+00	    2.66036682e+00	    1.71725989e-02	    0.00000000e+00	    0.00000000e+00
   0.410000	   -2.74204617e+01	        7.54918837e+00	    3.50942307e+01	    1.72687274e-02	    0.00000000e+00	    4.86305500e+00	    2.66886464e+00	    1.72687274e-02	    0.00000000e+00	    0.00000000e+00
   0.415000	   -2.74083092e+01	        7.56034085e+00	    3.50942307e+01	    1.73833492e-02	    0.00000000e+00	    4.86393965e+00	    2.67901785e+00	    1.73833492e-02	    0.00000000e+00	    0.00000000e+00
   0.420000	   -2.73939418e+01	        7.57370743e+00	    3.50942307e+01	    1.75203352e-02	    0.00000000e+00	    4.86501063e+00	    2.69117646e+00	    1.75203352e-02	    0.00000000e+00	    0.00000000e+00
   0.425000	   -2.73769355e+01	        7.58975815e+00	    3.50942307e+01	    1.76843556e-02	    0.00000000e+00	    4.86631035e+00	    2.70576345e+00	    1.76843556e-02	    0.00000000e+00	    0.00000000e+00
   0.430000	   -2.73566318e+01	        7.60905989e+00	    3.50942307e+01	    1.78811092e-02	    0.00000000e+00	    4.86788302e+00	    2.72329576e+00	    1.78811092e-02	    0.00000000e+00	    0.00000000e+00
   0.435000	   -2.73323988e+01	        7.63230305e+00	    3.50942307e+01	    1.81174305e-02	    0.00000000e+00	    4.86979105e+00	    2.74439457e+00	    1.81174305e-02	    0.00000000e+00	    0.00000000e+00
   0.440000	   -2.73034396e+01	        7.66032004e+00	    3.50942307e+01	    1.84016220e-02	    0.00000000e+00	    4.87210259e+00	    2.76981583e+00	    1.84016220e-02	    0.00000000e+00	    0.00000000e+00
   0.445000	   -2.72686340e+01	        7.69412683e+00	    3.50942307e+01	    1.87437226e-02	    0.00000000e+00	    4.87490730e+00	    2.80047581e+00	    1.87437226e-02	    0.00000000e+00	    0.00000000e+00
   0.450000	   -2.72268152e+01	        7.73494519e+00	    3.50942307e+01	    1.91558419e-02	    0.00000000e+00	    4.87830690e+00	    2.83748245e+00	    1.91558419e-02	    0.00000000e+00	    0.00000000e+00
   0.455000	   -2.71765007e+01	        7.78425984e+00	    3.50942307e+01	    1.96526173e-02	    0.00000000e+00	    4.88242835e+00	    2.88217888e+00	    1.96526173e-02	    0.00000000e+00	    0.00000000e+00
   0.460000	   -2.71159014e+01	        7.84386882e+00	    3.50942307e+01	    2.02517069e-02	    0.00000000e+00	    4.88742623e+00	    2.93619088e+00	    2.02517069e-02	    0.00000000e+00	    0.00000000e+00
   0.465000	   -2.70428903e+01	        7.91594837e+00	    3.50942307e+01	    2.09744137e-02	    0.00000000e+00	    4.89348645e+00	    3.00148751e+00	    2.09744137e-02	    0.00000000e+00	    0.00000000e+00
   0.470000	   -2.69547028e+01	        8.00313678e+00	    3.50942307e+01	    2.18464310e-02	    0.00000000e+00	    4.90083626e+00	    3.08045409e+00	    2.18464310e-02	    0.00000000e+00	    0.00000000e+00
   0.475000	   -2.68482216e+01	        8.10861787e+00	    3.50942307e+01	    2.28986129e-02	    0.00000000e+00	    4.90974791e+00	    3.17597135e+00	    2.28986129e-02	    0.00000000e+00	    0.00000000e+00
   0.480000	   -2.67196037e+01	        8.23624657e+00	    3.50942307e+01	    2.41680361e-02	    0.00000000e+00	    4.92055522e+00	    3.29152332e+00	    2.41680361e-02	    0.00000000e+00	    0.00000000e+00
   0.485000	   -2.65641698e+01	        8.39068064e+00	    3.50942307e+01	    2.56991850e-02	    0.00000000e+00	    4.93365954e+00	    3.43132192e+00	    2.56991850e-02	    0.00000000e+00	    0.00000000e+00
   0.490000	   -2.63763052e+01	        8.57754473e+00	    3.50942307e+01	    2.75452367e-02	    0.00000000e+00	    4.94955031e+00	    3.60044918e+00	    2.75452367e-02	    0.00000000e+00	    0.00000000e+00
   0.495000	   -2.61492250e+01	        8.80362531e+00	    3.50942307e+01	    2.97696401e-02	    0.00000000e+00	    4.96882001e+00	    3.80503565e+00	    2.97696401e-02	    0.00000000e+00	    0.00000000e+00
   0.500000	   -2.58747630e+01	        9.07709992e+00	    3.50942307e+01	    3.24478260e-02	    0.00000000e+00	    4.99218564e+00	    4.05246646e+00	    3.24478260e-02	    0.00000000e+00	    0.00000000e+00
   0.505000	   -2.55431303e+01	        9.40781293e+00	    3.50942307e+01	    3.56691378e-02	    0.00000000e+00	    5.02051572e+00	    4.35162807e+00	    3.56691378e-02	    0.00000000e+00	    0.00000000e+00
   0.510000	   -2.51423420e+01	        9.80760140e+00	    3.50942307e+01	    3.95389263e-02	    0.00000000e+00	    5.05486492e+00	    4.71319755e+00	    3.95389263e-02	    0.00000000e+00	    0.00000000e+00
   0.515000	   -2.46582830e+01	        1.02906601e+01	    3.50942307e+01	    4.41806135e-02	    0.00000000e+00	    5.09650764e+00	    5.14997181e+00	    4.41806135e-02	    0.00000000e+00	    0.00000000e+00
   0.520000	   -2.40739673e+01	        1.08739892e+01	    3.50942307e+01	    4.97379378e-02	    0.00000000e+00	    5.14698991e+00	    5.67726133e+00	    4.97379378e-02	    0.00000000e+00	    0.00000000e+00
   0.525000	   -2.33690614e+01	        1.15778945e+01	    3.50942307e+01	    5.63769946e-02	    0.00000000e+00	    5.20818033e+00	    6.31333714e+00	    5.63769946e-02	    0.00000000e+00	    0.00000000e+00
   0.530000	   -2.25193997e+01	        1.24265626e+01	    3.50942307e+01	    6.42879171e-02	    0.00000000e+00	    5.28234332e+00	    7.07993135e+00	    6.42879171e-02	    0.00000000e+00	    0.00000000e+00
   0.535000	   -2.14962669e+01	        1.34487100e+01	    3.50942307e+01	    7.36861060e-02	    0.00000000e+00	    5.37221583e+00	    8.00280812e+00	    7.36861060e-02	    0.00000000e+00	    0.00000000e+00
   0.540000	   -2.02657699e+01	        1.46783060e+01	    3.50942307e+01	    8.48126173e-02	    0.00000000e+00	    5.48110624e+00	    9.11238715e+00	    8.48126173e-02	    0.00000000e+00	    0.00000000e+00
   0.545000	   -1.87877023e+01	        1.61553741e+01	    3.50942307e+01	    9.79335015e-02	    0.00000000e+00	    5.61301538e+00	    1.04444252e+01	    9.79335015e-02	    0.00000000e+00	    0.00000000e+00
   0.550000	   -1.70152375e+01	        1.79268465e+01	    3.50942307e+01	    1.13337853e-01	    0.00000000e+00	    5.77277301e+00	    1.20407356e+01	    1.13337853e-01	    0.00000000e+00	    0.00000000e+00
   0.555000	   -1.48935922e+01	        2.00474903e+01	    3.50942307e+01	    1.31334454e-01	    0.00000000e+00	    5.96620859e+00	    1.39499473e+01	    1.31334454e-01	    0.00000000e+00	    0.00000000e+00
   0.560000	   -1.23592105e+01	        2.25808790e+01	    3.50942307e+01	    1.52247093e-01	    0.00000000e+00	    6.20035779e+00	    1.62282742e+01	    1.52247093e-01	    0.00000000e+00	    0.00000000e+00
   0.565000	   -9.33877165e+00	        2.56003901e+01	    3.50942307e+01	    1.76408728e-01	    0.00000000e+00	    6.48369906e+00	    1.89402823e+01	    1.76408728e-01	    0.00000000e+00	    0.00000000e+00
   0.570000	   -5.74793880e+00	        2.91902311e+01	    3.50942307e+01	    2.04155011e-01	    0.00000000e+00	    6.82644593e+00	    2.21596302e+01	    2.04155011e-01	    0.00000000e+00	    0.00000000e+00
   0.575000	   -1.49073737e+00	        3.34464902e+01	    3.50942307e+01	    2.35818311e-01	    0.00000000e+00	    7.24089003e+00	    2.59697819e+01	    2.35818311e-01	    0.00000000e+00	    0.00000000e+00
   0.580000	    3.54196774e+00	        3.84781961e+01	    3.50942307e+01	    2.71722104e-01	    0.00000000e+00	    7.74181916e+00	    3.04646548e+01	    2.71722104e-01	    0.00000000e+00	    0.00000000e+00
   0.585000	    9.47318291e+00	        4.44084159e+01	    3.50942307e+01	    3.12178207e-01	    0.00000000e+00	    8.34699969e+00	    3.57492380e+01	    3.12178207e-01	    0.00000000e+00	    0.00000000e+00
   0.590000	    1.64411343e+01	        5.13753941e+01	    3.50942307e+01	    3.57485601e-01	    0.00000000e+00	    9.07776151e+00	    4.19401470e+01	    3.57485601e-01	    0.00000000e+00	    0.00000000e+00
   0.595000	    2.46005023e+01	        5.95337618e+01	    3.50942307e+01	    4.07932203e-01	    0.00000000e+00	    9.95968768e+00	    4.91661419e+01	    4.07932203e-01	    0.00000000e+00	    0.00000000e+00
   0.600000	    3.41236211e+01	        6.90558812e+01	    3.50942307e+01	    4.63799842e-01	    0.00000000e+00	    1.10234293e+01	    5.75686520e+01	    4.63799842e-01	    0.00000000e+00	    0.00000000e+00
   0.605000	    4.52020205e+01	        8.01333133e+01	    3.50942307e+01	    5.25370581e-01	    0.00000000e+00	    1.23056659e+01	    6.73022768e+01	    5.25370581e-01	    0.00000000e+00	    0.00000000e+00
   0.610000	    5.80481572e+01	        9.29784566e+01	    3.50942307e+01	    5.92934396e-01	    0.00000000e+00	    1.38502251e+01	    7.85352971e+01	    5.92934396e-01	    0.00000000e+00	    0.00000000e+00
   0.615000	    7.28971273e+01	        1.07826455e+02	    3.50942307e+01	    6.66798223e-01	    0.00000000e+00	    1.57093955e+01	    9.14502617e+01	    6.66798223e-01	    0.00000000e+00	    0.00000000e+00
   0.620000	    9.00089446e+01	        1.24937276e+02	    3.50942307e+01	    7.47293186e-01	    0.00000000e+00	    1.79454515e+01	    1.06244531e+02	    7.47293186e-01	    0.00000000e+00	    0.00000000e+00
   0.625000	    1.09670789e+02	        1.44598122e+02	    3.50942307e+01	    8.34782387e-01	    0.00000000e+00	    2.06324128e+01	    1.23130926e+02	    8.34782387e-01	    0.00000000e+00	    0.00000000e+00
   0.630000	    1.32199718e+02	        1.67126057e+02	    3.50942307e+01	    9.29666174e-01	    0.00000000e+00	    2.38580569e+01	    1.42338334e+02	    9.29666174e-01	    0.00000000e+00	    0.00000000e+00
   0.635000	    1.57945552e+02	        1.92870896e+02	    3.50942307e+01	    1.03238569e+00	    0.00000000e+00	    2.77262387e+01	    1.64112271e+02	    1.03238569e+00	    0.00000000e+00	    0.00000000e+00
   0.640000	    1.87295853e+02	        2.22220299e+02	    3.50942307e+01	    1.14333497e+00	    0.00000000e+00	    3.23594513e+01	    1.88717512e+02	    1.14333497e+00	    0.00000000e+00	    0.00000000e+00
   0.645000	    2.20670050e+02	        2.55593501e+02	    3.50942307e+01	    1.26331513e+00	    0.00000000e+00	    3.79017020e+01	    2.16428484e+02	    1.26331513e+00	    0.00000000e+00	    0.00000000e+00
   0.650000	    2.58541567e+02	        2.93464019e+02	    3.50942307e+01	    1.39262389e+00	    0.00000000e+00	    4.45217941e+01	    2.47549601e+02	    1.39262389e+00	    0.00000000e+00	    0.00000000e+00
   0.655000	    3.01422720e+02	        3.36344163e+02	    3.50942307e+01	    1.53196314e+00	    0.00000000e+00	    5.24167305e+01	    2.82395469e+02	    1.53196314e+00	    0.00000000e+00	    0.00000000e+00
   0.660000	    3.49877858e+02	        3.84798300e+02	    3.50942307e+01	    1.68197908e+00	    0.00000000e+00	    6.18155349e+01	    3.21300786e+02	    1.68197908e+00	    0.00000000e+00	    0.00000000e+00
   0.665000	    4.04525053e+02	        4.39444527e+02	    3.50942307e+01	    1.84334828e+00	    0.00000000e+00	    7.29831707e+01	    3.64618008e+02	    1.84334828e+00	    0.00000000e+00	    0.00000000e+00
   0.670000	    4.66039408e+02	        5.00957879e+02	    3.50942307e+01	    2.01676915e+00	    0.00000000e+00	    8.62246524e+01	    4.12716457e+02	    2.01676915e+00	    0.00000000e+00	    0.00000000e+00
   0.675000	    5.35166137e+02	        5.70083621e+02	    3.50942307e+01	    2.20287735e+00	    0.00000000e+00	    1.01888605e+02	    4.65992139e+02	    2.20287735e+00	    0.00000000e+00	    0.00000000e+00
   0.680000	    6.12678029e+02	        6.47594521e+02	    3.50942307e+01	    2.40252977e+00	    0.00000000e+00	    1.20373600e+02	    5.24818392e+02	    2.40252977e+00	    0.00000000e+00	    0.00000000e+00
   0.685000	    6.99449941e+02	        7.34365420e+02	    3.50942307e+01	    2.61638351e+00	    0.00000000e+00	    1.42128882e+02	    5.89620154e+02	    2.61638351e+00	    0.00000000e+00	    0.00000000e+00
   0.690000	    7.96409775e+02	        8.31324265e+02	    3.50942307e+01	    2.84514134e+00	    0.00000000e+00	    1.67659817e+02	    6.60819307e+02	    2.84514134e+00	    0.00000000e+00	    0.00000000e+00
   0.695000	    9.04551395e+02	        9.39464902e+02	    3.50942307e+01	    3.08947986e+00	    0.00000000e+00	    1.97530228e+02	    7.38845194e+02	    3.08947986e+00	    0.00000000e+00	    0.00000000e+00
   0.700000	    1.02493396e+03	        1.05984645e+03	    3.50942307e+01	    3.35003926e+00	    0.00000000e+00	    2.32364573e+02	    8.24131840e+02	    3.35003926e+00	    0.00000000e+00	    0.00000000e+00
   0.705000	    1.15867970e+03	        1.19359119e+03	    3.50942307e+01	    3.62741138e+00	    0.00000000e+00	    2.72849230e+02	    9.17114548e+02	    3.62741138e+00	    0.00000000e+00	    0.00000000e+00
   0.710000	    1.30697087e+03	        1.34188142e+03	    3.50942307e+01	    3.92213048e+00	    0.00000000e+00	    3.19732576e+02	    1.01822671e+03	    3.92213048e+00	    0.00000000e+00	    0.00000000e+00
   0.715000	    1.47104427e+03	        1.50595382e+03	    3.50942307e+01	    4.23465835e+00	    0.00000000e+00	    3.73823733e+02	    1.12789543e+03	    4.23465835e+00	    0.00000000e+00	    0.00000000e+00
   0.720000	    1.65218667e+03	        1.68709520e+03	    3.50942307e+01	    4.56538384e+00	    0.00000000e+00	    4.35990468e+02	    1.24653935e+03	    4.56538384e+00	    0.00000000e+00	    0.00000000e+00
   0.725000	    1.85172705e+03	        1.88663461e+03	    3.50942307e+01	    4.91461105e+00	    0.00000000e+00	    5.07155463e+02	    1.37456454e+03	    4.91461105e+00	    0.00000000e+00	    0.00000000e+00
   0.730000	    2.07102859e+03	        2.10593513e+03	    3.50942307e+01	    5.28255458e+00	    0.00000000e+00	    5.88291238e+02	    1.51236133e+03	    5.28255458e+00	    0.00000000e+00	    0.00000000e+00
   0.735000	    2.31148032e+03	        2.34638589e+03	    3.50942307e+01	    5.66933872e+00	    0.00000000e+00	    6.80414460e+02	    1.66030209e+03	    5.66933872e+00	    0.00000000e+00	    0.00000000e+00
   0.740000	    2.57448774e+03	        2.60939228e+03	    3.50942307e+01	    6.07499552e+00	    0.00000000e+00	    7.84578693e+02	    1.81873859e+03	    6.07499552e+00	    0.00000000e+00	    0.00000000e+00
   0.745000	    2.86146329e+03	        2.89636684e+03	    3.50942307e+01	    6.49946676e+00	    0.00000000e+00	    9.01866958e+02	    1.98800041e+03	    6.49946676e+00	    0.00000000e+00	    0.00000000e+00
   0.750000	    3.17381714e+03	        3.20871970e+03	    3.50942307e+01	    6.94260764e+00	    0.00000000e+00	    1.03338346e+03	    2.16839363e+03	    6.94260764e+00	    0.00000000e+00	    0.00000000e+00
   0.755000	    3.51294749e+03	        3.54784902e+03	    3.50942307e+01	    7.40419026e+00	    0.00000000e+00	    1.18024515e+03	    2.36019969e+03	    7.40419026e+00	    0.00000000e+00	    0.00000000e+00
   0.760000	    3.88023275e+03	        3.91513330e+03	    3.50942307e+01	    7.88391311e+00	    0.00000000e+00	    1.34357366e+03	    2.56367573e+03	    7.88391311e+00	    0.00000000e+00	    0.00000000e+00
   0.765000	    4.27702313e+03	        4.31192265e+03	    3.50942307e+01	    8.38140673e+00	    0.00000000e+00	    1.52448697e+03	    2.77905427e+03	    8.38140673e+00	    0.00000000e+00	    0.00000000e+00
   0.770000	    4.70463426e+03	        4.73953287e+03	    3.50942307e+01	    8.89624462e+00	    0.00000000e+00	    1.72409237e+03	    3.00654425e+03	    8.89624462e+00	    0.00000000e+00	    0.00000000e+00
   0.775000	    5.16440088e+03	        5.19929846e+03	    3.50942307e+01	    9.42852578e+00	    0.00000000e+00	    1.94355416e+03	    3.24631578e+03	    9.42852578e+00	    0.00000000e+00	    0.00000000e+00
   0.780000	    5.65748165e+03	        5.69237825e+03	    3.50942307e+01	    9.97678890e+00	    0.00000000e+00	    2.18383416e+03	    3.49856730e+03	    9.97678890e+00	    0.00000000e+00	    0.00000000e+00
   0.785000	    6.18508641e+03	        6.21998200e+03	    3.50942307e+01	    1.05408893e+01	    0.00000000e+00	    2.44601362e+03	    3.76342749e+03	    1.05408893e+01	    0.00000000e+00	    0.00000000e+00
   0.790000	    6.74834674e+03	        6.78324131e+03	    3.50942307e+01	    1.11202553e+01	    0.00000000e+00	    2.73109876e+03	    4.04102230e+03	    1.11202553e+01	    0.00000000e+00	    0.00000000e+00
   0.795000	    7.34833989e+03	        7.38323351e+03	    3.50942307e+01	    1.17142985e+01	    0.00000000e+00	    3.04005905e+03	    4.33146016e+03	    1.17142985e+01	    0.00000000e+00	    0.00000000e+00
   0.800000	    7.98608637e+03	        8.02097899e+03	    3.50942307e+01	    1.23224151e+01	    0.00000000e+00	    3.37382387e+03	    4.63483271e+03	    1.23224151e+01	    0.00000000e+00	    0.00000000e+00

solar cell parameters deduced from calculated IV-curve:
Voc =	    0.576564	Volt
Jsc =	   27.59609133	mA/cm2
FF =	   81.3586	%
eta =	   14.3832	%
V_MPP =	    0.496382	Volt
J_MPP =	   26.07849720	mA/cm2

SCAPS 3.3.12 ELIS-UGent: Version scaps3312.exe, dated 00-00-   0, 00:00:00
Simulation of QE curves
Single shot simulation #	7
Calculation started : 	12-8-2026 at 15:41:25

problem definition file :	c:\Users\orden\Desktop\scaps\def\CELL1.def
last saved: 	09-07-2026 at 20:17:00

Calculation under illumination
Optical generation from internal SCAPS calculation
Illumination spectrum read from file
spectrum file :	
C:\Users\orden\Desktop\scaps\spectrum\AM1_5G 1 sun.spe  last saved: 	22-05-2009 at 15:59:48
Neutral density filter: ND	  0.0458
Transmission of ND filter:	  9.0000e-01
Power from spectrum:	  100.0000	mW/cm2
Incident power on solar cell structure	   90.0000	mW/cm2

Working point conditions
Temperature	  300.00	K
Workpoint bias voltage	    0.0000	Volt
Frequency	  1.0000e+06	Hz

Voltage reference convention: voltage referred to right contact, voltage V applied to left contact
Current reference convention: current positive when entering the left contact
Power generated by the cell: = -V*I; power consumed by the cell = +V*I

  lambda(nm)	      QE(%)	photon energy (eV)

   300.000000	   7.736709e+00	    4.133257
   310.000000	   7.895946e+00	    3.999926
   320.000000	   8.052638e+00	    3.874928
   330.000000	   8.159698e+00	    3.757506
   340.000000	   8.254584e+00	    3.646991
   350.000000	   8.314589e+00	    3.542791
   360.000000	   8.379258e+00	    3.444381
   370.000000	   9.114732e+00	    3.351289
   380.000000	   1.309825e+01	    3.263097
   390.000000	   1.735417e+01	    3.179428
   400.000000	   2.359177e+01	    3.099943
   410.000000	   2.956633e+01	    3.024334
   420.000000	   3.675679e+01	    2.952326
   430.000000	   4.234277e+01	    2.883667
   440.000000	   4.853046e+01	    2.818130
   450.000000	   5.384057e+01	    2.755504
   460.000000	   5.895277e+01	    2.695602
   470.000000	   6.297632e+01	    2.638249
   480.000000	   6.747610e+01	    2.583285
   490.000000	   7.063988e+01	    2.530565
   500.000000	   7.371430e+01	    2.479954
   510.000000	   7.684562e+01	    2.431327
   520.000000	   7.949288e+01	    2.384571
   530.000000	   8.108740e+01	    2.339579
   540.000000	   8.315889e+01	    2.296254
   550.000000	   8.488870e+01	    2.254504
   560.000000	   8.618892e+01	    2.214245
   570.000000	   8.715472e+01	    2.175398
   580.000000	   8.811500e+01	    2.137891
   590.000000	   8.938489e+01	    2.101656
   600.000000	   9.009146e+01	    2.066628
   610.000000	   9.068324e+01	    2.032749
   620.000000	   9.120124e+01	    1.999963
   630.000000	   9.170846e+01	    1.968217
   640.000000	   9.221131e+01	    1.937464
   650.000000	   9.268565e+01	    1.907657
   660.000000	   9.313411e+01	    1.878753
   670.000000	   9.354551e+01	    1.850712
   680.000000	   9.385831e+01	    1.823496
   690.000000	   9.412299e+01	    1.797068
   700.000000	   9.436403e+01	    1.771396
   710.000000	   9.454596e+01	    1.746446
   720.000000	   9.471203e+01	    1.722190
   730.000000	   9.482977e+01	    1.698599
   740.000000	   9.490504e+01	    1.675645
   750.000000	   9.494285e+01	    1.653303
   760.000000	   9.493139e+01	    1.631549
   770.000000	   9.487165e+01	    1.610360
   780.000000	   9.475557e+01	    1.589714
   790.000000	   9.457978e+01	    1.569591
   800.000000	   9.433398e+01	    1.549971
   810.000000	   9.400908e+01	    1.530836
   820.000000	   9.359817e+01	    1.512167
   830.000000	   9.308507e+01	    1.493948
   840.000000	   9.245636e+01	    1.476163
   850.000000	   9.166777e+01	    1.458796
   860.000000	   9.072052e+01	    1.441834
   870.000000	   8.957524e+01	    1.425261
   880.000000	   8.820462e+01	    1.409065
   890.000000	   8.654088e+01	    1.393233
   900.000000	   8.453337e+01	    1.377752
